16
16
16
16
16
16
16
16
16
16
16
13
13
13
13
13
14
14
14
14
13
8
8
8
8
8
8
8
8
8
8
6
6
6
6
6
6
6
6
6
6
4
4
5
5
5
5
5
5
5
4
2
2
2
2
2
2
2
2
2
2
0
-2
0
-1
-1
-1
-1
-1
-1
0
-5
-6
-7
-4
-3
-4
-2
-2
-4
-2
-6
-4
-3
-6
-6
-3
-8
-9
-9
-10
-10
-10
-6
-10
-11
-12
-12
-12
-12
-12
-14
-13
-12
-12
-12
-12
-12
-12
-12
-12
-15
-15
-15
-10
-15
-15
-15
-15
-16
-15
-13
-16
-15
-15
-13
-16
-15
-15
-17
-17
-26
-24
-31
-36
-31
-29
-29
-24
-32
-30
-29
-35
-36
-29
-29
-44
-29
-29
-36
-32
-44
-37
-27
-32
-31
-30
-31
-32
-40
-29
-27
-28
-26
-27
-25
-26
-26
-26
-26
-26
-21
-20
-22
-21
-23
-21
-21
-23
-23
-19
-29
-28
-29
-29
-29
-29
-29
-29
-29
-29
-35
-25
-26
-24
-28
-26
-26
-26
-26
-25
-35
-30
-31
-29
-29
-30
-29
-30
-30
-29
-31
-35
-37
-31
-33
-44
-38
-36
-35
-35
-35
-37
-37
-35
-33
-33
-33
-33
-33
-42
-44
-45
-44
-46